3Grams
rand+pos,0.6772155067155067,0.6890418192918192,0.6071192075120642,0.623872377755893,0.5069813097621326,0.490093711843712,0.3108348595848596,0.6296848595848594
4Grams
rand+pos,0.6931686507936508,0.6809220085470085,0.6127766393659246,0.6250799871561786,0.47636980977848015,0.5034151404151405,0.3037210012210013,0.5842771443833942
5Grams
rand+pos,0.6721468253968255,0.6708257020757021,0.5907302056409195,0.6182269966285925,0.5200159493565841,0.48560851648351655,0.3173595848595848,0.5425180809930807
6Grams
rand+pos,0.6717034493284493,0.678617673992674,0.6029582520653944,0.6358366673897087,0.5509510855701866,0.49401114163614174,0.3008821733821735,0.5857120294057794
7Grams
rand+pos,0.694148199023199,0.6478966727716727,0.6016988798238795,0.6384068912107019,0.5517972054636489,0.4915515873015873,0.2833608058608059,0.5598823641636139
8Grams
rand+pos,0.6878064713064713,0.6784061355311356,0.6178696713339565,0.6465800564922783,0.5581499229053628,0.5051129426129427,0.2822481684981686,0.6263206603581603
9Grams
rand+pos,0.6568901098901099,0.6905256410256412,0.6098462113283538,0.642492659045954,0.5632289861703483,0.4904311660561662,0.2924587912087912,0.6992587581400079
10Grams
rand+pos,0.6541048534798535,0.7132957875457875,0.6184712622034046,0.6427229703741164,0.5660252466362814,0.4943632478632479,0.2988202075702076,0.7252707926332926
3Grams
rand,0.6588093711843712,0.6940502136752138,0.5999298466084176,0.6249195511578024,0.5252562703222956,0.48552396214896226,0.31498321123321127,0.6185675824175825
4Grams
rand,0.6588441697191699,0.6715567765567767,0.5848325417968271,0.6087260177574962,0.5097256866628455,0.47497359584859594,0.32185286935286933,0.5648943350630848
5Grams
rand,0.670793192918193,0.6610741758241758,0.5864425633889916,0.6033375618633848,0.47443864734312324,0.47608699633699636,0.3229548229548229,0.5815620472120471
6Grams
rand,0.6618316544566546,0.648478021978022,0.5819111060896771,0.6142054754756591,0.5199431716960505,0.4744122405372405,0.31059981684981686,0.5328190349002847
7Grams
rand,0.6654682539682539,0.670394993894994,0.5946302936481505,0.6260942849512592,0.5194201396238176,0.4845177045177045,0.30725427350427353,0.5735312194749693
8Grams
rand,0.6736625457875458,0.6554465811965813,0.5929037041001323,0.6213610176033171,0.5346598578567725,0.4840488400488402,0.3025976800976801,0.5523572293447291
9Grams
rand,0.6626344627594628,0.6620642551892552,0.5925666357452068,0.6195456634313865,0.5347355928880975,0.4796199633699634,0.3072664835164835,0.5751289377289376
10Grams
rand,0.6461517094017094,0.6810283882783883,0.5944299985728553,0.6227025911830717,0.5376226961822416,0.4776878815628816,0.315715811965812,0.6573271494708994

4Grams
pre+pos,0.679057387057387,0.6694974053724053,0.6004546663653803,0.6154019806724281,0.473155540408313,0.4859758852258853,0.3108455433455433,0.6248739799552298
4Grams
pre,0.6987628205128205,0.645445818070818,0.596861675361675,0.6034271477335024,0.4637904455828866,0.4876019536019536,0.30877747252747256,0.5689064407814404
4Grams
pos,0.6726350732600733,0.6312040598290599,0.5872629513343794,0.581913191000133,0.2648677616031098,0.46033898046398053,0.3084584859584861,0.7400320512820512


4Grams
rand,0.6995,0.6544,0.5979,0.6092,0.4765,0.4874,0.3107,0.5549
3Grams
rand,0.6588,0.6941,0.5999,0.6241,0.5247,0.4855,0.315,0.6186
3Grams
rand,0.6772,0.689,0.6071,0.6232,0.506,0.4901,0.3108,0.6297
4Grams
rand,0.6932,0.6809,0.6128,0.6248,0.4766,0.5034,0.3037,0.5843
3Grams
rand,0.6641,0.6978,0.5987,0.6156,0.5154,0.4815,0.3242,0.5881
3Grams
rand,0.6552,0.6902,0.5848,0.6074,0.5181,0.4664,0.3563,0.6544
4Grams
rand,0.6661,0.6779,0.5869,0.6208,0.5498,0.4723,0.3381,0.6142
4Grams
rand,0.6661,0.6779,0.5869,0.6208,0.5498,0.4723,0.3381,0.6142
4Grams
rand,0.6597,0.6693,0.5858,0.6025,0.4788,0.4716,0.3257,0.607
