3Grams
rand+pos,0.6587068070818071,0.6436680402930403,0.5812923148280287,0.5875569627304407,0.37419205925648846,0.46037652625152636,0.3233531746031747,0.6838312983312984
4Grams
rand+pos,0.6880691391941393,0.6651043956043956,0.6039119650191075,0.6118943982169147,0.4486187760307955,0.4918008241758242,0.30512667887667894,0.6186051689051688
5Grams
rand+pos,0.673557844932845,0.6806790293040292,0.6046078973936112,0.6277603014301902,0.5091750637474071,0.4917590048840049,0.3042155067155068,0.6253387057387056
6Grams
rand+pos,0.6521436202686203,0.6963557692307693,0.5994539673289669,0.6280334311414512,0.5327358344952176,0.48217246642246653,0.31371031746031747,0.6436122888685387
7Grams
rand+pos,0.638128205128205,0.7118669108669108,0.6068354139246993,0.640407212264124,0.5714142715206159,0.48882570207570214,0.3083669108669109,0.6636986136548637
8Grams
rand+pos,0.6237,0.7092,0.5992,0.6383,0.5427,0.4773,0.3099,0.6012
9Grams
rand+pos,0.6423348595848597,0.7203092185592186,0.6138059493416633,0.6404640824413722,0.5571531281606764,0.4914845848595849,0.3080158730158731,0.7160683226495725
10Grams
rand+pos,0.615247557997558,0.7090173992673993,0.5907311425347136,0.6191064485333205,0.5356485339300913,0.4641654456654457,0.32733363858363856,0.7324125814000815
3Grams
rand,0.6641320207570207,0.6978453907203906,0.5987361573611569,0.6150568622070718,0.5138485709487068,0.4814705433455434,0.32422924297924294,0.5881013049450547
4Grams
rand,0.658621794871795,0.6640909645909646,0.5841726097976093,0.6047996878955322,0.4808443606244879,0.4710637973137974,0.32313186813186817,0.6048068248880746
5Grams
rand,0.652401862026862,0.6924719169719169,0.5938011234796947,0.6159981221522981,0.5166977416016993,0.48047023809523814,0.3255235042735043,0.5840305377492875
6Grams
rand,0.674,0.6608,0.5957,0.6217,0.5126,0.486,0.3045,0.554
7Grams
rand,0.6777,0.666,0.5982,0.6258,0.5333,0.489,0.3015,0.5448
8Grams
rand,0.6512,0.6404,0.5739,0.6043,0.5061,0.4596,0.3171,0.58
9Grams
rand,0.6417,0.6755,0.5868,0.6189,0.5358,0.4681,0.315,0.6135
10Grams
rand,0.6142,0.7008,0.5835,0.6135,0.5352,0.4583,0.3327,0.6518
4Grams
pre+pos,0.6780793650793651,0.6591352258852259,0.5913439939689935,0.6061906741800788,0.4749344530571757,0.48048061660561653,0.3178876678876679,0.5702932514245013
4Grams
pre,0.6819308608058607,0.5296355311355312,0.527114647918219,0.5295718367270597,0.3901795457431876,0.4337889194139194,0.3279349816849817,0.39809254680504674Grams
pos,0.6445909645909645,0.6770112942612942,0.5833952482702477,0.5857713743472137,0.32517109895232454,0.4604055250305251,0.33365537240537246,0.7022679588929589
10Grams
rand,0.6142,0.7008,0.5835,0.6135,0.5352,0.4583,0.3327,0.6518
10Grams
rand,0.6142,0.7008,0.5835,0.6135,0.5352,0.4583,0.3327,0.6518
10Grams
rand,0.6142,0.7008,0.5835,0.6135,0.5352,0.4583,0.3327,0.6518
10Grams
rand,0.6724,0.6287,0.5877,0.5836,0.2631,0.4619,0.3065,0.7423
4Grams
rand,0.6726,0.6312,0.5873,0.5819,0.2649,0.4603,0.3085,0.74
4Grams
rand,0.6588,0.6716,0.5848,0.6087,0.5097,0.475,0.3219,0.5649
4Grams
rand,0.6588,0.6716,0.5848,0.6087,0.5097,0.475,0.3219,0.5649
4Grams
rand,0.6588,0.6716,0.5848,0.6087,0.5097,0.475,0.3219,0.5649
4Grams
rand,0.6586,0.6641,0.5842,0.6048,0.4808,0.4711,0.3231,0.6048
4Grams
rand,0.6544,0.691,0.5931,0.616,0.517,0.4798,0.3241,0.5828
4Grams
rand,0.6586,0.6641,0.5842,0.6048,0.4808,0.4711,0.3231,0.6048
4Grams
rand,0.6586,0.6641,0.5842,0.6048,0.4808,0.4711,0.3231,0.6048
4Grams
rand,0.6586,0.6641,0.5842,0.6048,0.4808,0.4711,0.3231,0.6048
4Grams
rand,0.6544,0.691,0.5931,0.616,0.517,0.4798,0.3241,0.5828
4Grams
rand,0.6586,0.6641,0.5842,0.6048,0.4808,0.4711,0.3231,0.6048
4Grams
rand,0.6586,0.6641,0.5842,0.6048,0.4808,0.4711,0.3231,0.6048
4Grams
rand,0.6586,0.6641,0.5842,0.6048,0.4808,0.4711,0.3231,0.6048
4Grams
rand,0.6586,0.6641,0.5842,0.6048,0.4808,0.4711,0.3231,0.6048
4Grams
rand,0.6586,0.6641,0.5842,0.6048,0.4808,0.4711,0.3231,0.6048
4Grams
rand,0.6832,0.6339,0.59,0.577,0.258,0.463,0.3105,0.7138
4Grams
rand,0.6586,0.6641,0.5842,0.6048,0.4808,0.4711,0.3231,0.6048
4Grams
rand,0.6619,0.6723,0.5883,0.6105,0.4971,0.4776,0.3217,0.5861
4Grams
rand,0.6619,0.6723,0.5883,0.6105,0.4971,0.4776,0.3217,0.5861
4Grams
rand,0.6586,0.6641,0.5842,0.6048,0.4808,0.4711,0.3231,0.6048
4Grams
rand,0.6586,0.6641,0.5842,0.6048,0.4808,0.4711,0.3231,0.6048
4Grams
rand,0.6586,0.6641,0.5842,0.6048,0.4808,0.4711,0.3231,0.6048
4Grams
rand,0.6586,0.6641,0.5842,0.6048,0.4808,0.4711,0.3231,0.6048
4Grams
rand,0.6586,0.6641,0.5842,0.6048,0.4808,0.4711,0.3231,0.6048
4Grams
rand,0.6586,0.6641,0.5842,0.6048,0.4808,0.4711,0.3231,0.6048
4Grams
rand,0.6586,0.6641,0.5842,0.6048,0.4808,0.4711,0.3231,0.6048
4Grams
rand,0.6586,0.6641,0.5842,0.6048,0.4808,0.4711,0.3231,0.6048
4Grams
rand,0.6586,0.6641,0.5842,0.6035,0.4797,0.4711,0.3231,0.6048
4Grams
rand,0.6942,0.4993,0.5252,0.5405,0.4203,0.4396,0.3047,0.3019
4Grams
rand,0.6544,0.691,0.5931,0.6148,0.5158,0.4798,0.3241,0.5828
4Grams
rand,0.6586,0.6641,0.5842,0.6035,0.4797,0.4711,0.3231,0.6048
4Grams
rand,0.6544,0.691,0.5931,0.6148,0.5158,0.4798,0.3241,0.5828
4Grams
rand,0.6588,0.6716,0.5848,0.6098,0.5126,0.475,0.3219,0.5649
8Grams
rand,0.6595,0.642,0.579,0.6123,0.5249,0.4691,0.3092,0.5366
8Grams
rand,0.6588,0.6839,0.6079,0.6406,0.5643,0.4904,0.2935,0.6956
8Grams
rand,0.6878,0.6784,0.6179,0.6458,0.5553,0.5051,0.2822,0.6263
8Grams
rand,0.6588,0.6839,0.6079,0.6406,0.5643,0.4904,0.2935,0.6956
8Grams
rand,0.6878,0.6784,0.6179,0.6458,0.5553,0.5051,0.2822,0.6263
8Grams
rand,0.6878,0.6784,0.6179,0.6458,0.5553,0.5051,0.2822,0.6263
8Grams
rand,0.6878,0.6784,0.6179,0.6458,0.5553,0.5051,0.2822,0.6263
8Grams
rand,0.6878,0.6784,0.6179,0.6458,0.5553,0.5051,0.2822,0.6263
8Grams
rand,0.6878,0.6784,0.6179,0.6458,0.5553,0.5051,0.2822,0.6263
